1 0.38046875 0.30234375 0.13359375 0.23828125
1 0.63125 0.30234375 0.11484375 0.25
1 0.50546875 0.3375 0.1265625 0.23828125
1 0.75625 0.41015625 0.13125 0.2265625
1 0.321875 0.4765625 0.11015625 0.21484375
1 0.57734375 0.52890625 0.1515625 0.21484375
1 0.7296875 0.53671875 0.11015625 0.19453125
1 0.425 0.584375 0.1265625 0.24453125
1 0.67265625 0.65078125 0.11171875 0.22109375
1 0.27890625 0.67421875 0.15625 0.26171875
1 0.57265625 0.7296875 0.14765625 0.21484375
1 0.39765625 0.74296875 0.13125 0.253125
1 0.528125 0.19296875 0.13515625 0.20625