11 0.09296875 0.32578125 0.1203125 0.1203125
11 0.53203125 0.4296875 0.1515625 0.1375
11 0.534375 0.4171875 0.1328125 0.1015625
11 0.096875 0.31484375 0.08984375 0.08359375
6 0.4796875 0.77421875 0.10546875 0.10390625
8 0.809375 0.7828125 0.35234375 0.3375
6 0.4953125 0.64921875 0.1 0.0953125
6 0.61328125 0.2234375 0.090625 0.07890625
9 0.12109375 0.7125 0.19375 0.16171875
6 0.5015625 0.171875 0.09765625 0.0828125
9 0.8734375 0.18984375 0.16953125 0.16875
6 0.621875 0.1109375 0.09296875 0.084375