10 0.53203125 0.17265625 0.284375 0.32734375
11 0.5609375 0.43203125 0.1046875 0.096875
6 0.61796875 0.140625 0.10234375 0.103125
6 0.49453125 0.1265625 0.09453125 0.09921875
11 0.809375 0.70859375 0.11796875 0.115625
11 0.91875 0.35625 0.10390625 0.13203125
11 0.83125 0.83515625 0.109375 0.13046875
11 0.928125 0.753125 0.103125 0.12890625
6 0.27421875 0.5609375 0.078125 0.0875
6 0.42734375 0.59453125 0.071875 0.15078125
6 0.55234375 0.07734375 0.16953125 0.0953125
6 0.275 0.6515625 0.1953125 0.178125
6 0.32265625 0.5640625 0.16171875 0.18359375
6 0.53203125 0.2125 0.15234375 0.13671875
6 0.24609375 0.16484375 0.1078125 0.1078125
6 0.59375 0.83515625 0.07265625 0.07578125
6 0.6359375 0.59140625 0.10703125 0.08515625
6 0.11953125 0.55 0.04296875 0.15390625
6 0.36953125 0.390625 0.10625 0.06796875
6 0.7734375 0.39453125 0.0765625 0.09609375
6 0.87421875 0.17109375 0.0296875 0.0359375
6 0.6 0.56875 0.06640625 0.05859375
6 0.44921875 0.55625 0.0796875 0.32890625
6 0.4671875 0.52265625 0.03515625 0.1078125
6 0.1265625 0.5 0.03828125 0.0484375
6 0.2546875 0.2171875 0.03125 0.0328125
6 0.271875 0.4078125 0.26953125 0.11171875
6 0.765625 0.4375 0.01171875 0.01796875
6 0.09296875 0.5875 0.015625 0.090625
6 0.12109375 0.64140625 0.01875 0.053125
6 0.51796875 0.15546875 0.021875 0.0171875
6 0.18203125 0.4875 0.01328125 0.01328125