7 0.40546875 0.78515625 0.1921875 0.234375
7 0.69296875 0.85546875 0.21171875 0.24296875
7 0.28203125 0.82734375 0.19453125 0.21171875
7 0.64140625 0.6328125 0.2203125 0.2078125
7 0.4171875 0.465625 0.17578125 0.1828125
7 0.2046875 0.6375 0.17578125 0.2171875
7 0.34453125 0.58671875 0.16640625 0.215625
7 0.53515625 0.91875 0.1765625 0.1625
7 0.82109375 0.640625 0.16171875 0.21640625
7 0.271875 0.38203125 0.1703125 0.2
7 0.55625 0.42734375 0.1640625 0.2046875
7 0.5015625 0.7 0.175 0.1828125
7 0.7765625 0.43671875 0.16484375 0.19375
7 0.415625 0.28125 0.20703125 0.18515625
7 0.62578125 0.23984375 0.19140625 0.1953125
7 0.68046875 0.38125 0.12890625 0.1734375
7 0.6625 0.5421875 0.196875 0.121875